
# characteristics and parameters - DoDs with relative eq.cycles -same number of n.states
    grid_Capacity = 0.8
    min_SOC = 0.2	
    energy_Capacity = 1
    power_Capacity = 1
    Eff_charge = 0.9
    Eff_discharge = 0.9
    DoD = 0 5 10 15 20 25 30 35 40 45 50 55 60 65 70 75 80 
    NCycles = 158489319 5397131 1258925 537290 293655 183792 125327 90669 68497 53488 42871 35094 29234 24711 21149 18297 15978
    
    #DoD21 = 0 5 10 15 20 25 30 35 40 45 50 55 60 65 70 75 80 85 90 95 100
    #NCycles21 1/2 C rate = 1500000 450000 180000 75000 36000 22000 15000 10500 8000 6200 5000 4400 3800 3400 3000 2700 2400 2100 1900 1800 1750
    #NYcles kp 1.9 = 63095734 2964538 794328 367643 212835 139288 98508 73497 57028 45593 37321 31139 26394 22671 19693 17274 15280
    #NCycles 1 C rate = 1100000 300000 100000 45000 22000 14000 10000 7200 5800 4600 4000 3500 3000 2500 2000 1800 1600 
    #NCycles17 new values= 150000 16000 7000 4800 3200 2500 2000 1700 1450 1250 1100 1010 900 825 750 690 630 
    #DoD5 =    0 25 50 75 100
    #NCycles5 =   1500000 22000 5000 2700 1750
    #DoD11 = 0 10 20 30 40 50 60 70 80 90 100
    #NCycles11 = 1500000 180000 36000 15000 8000 5000 3800 3000 2400 1900 1750




